850

Dionysiui¹ 1111110.
11111. 110111, 111, 51
57
70

72

IV, 11
1⁶1

15.

15
‘Ji
30
10.

REGISTER.

Fulgentius Myth. 1, 3 p. 7301.

p. 536 Gellius XIX, 11 130

526 Ηοη1111111110111.άγυιᾱ( 162

530 Ἀμφίπολις 1611.

519 Ἀριετίων 466 11,

536 Γαληψὸε 1011

521 Κυρείλον 160 1'.

519 Μαργίτης 160 11,

523. 527. 537 Μύρτανον 155 s.
530. 536 11001111011101111.17,10 3711.
510 1101011001011.) 509

51 536 11010111111101111111.111,1 511 11.
519 Hesiodus Oper‚17ff. 722. 728 f.

⁸ . 50 530. 530 133 700

Vl, :1
1 1
VH, 01
11111, 77
11101111111116 Epigr.
1111111011111101
1111111111

1111111101111110
1101101111

530 005 5011
011. 110 Theog. 10111. 1111
500. 530 1251. 700

521 11113111. 730 s. 831

526 Hesychius v. νεαροί 11111 ἦ
526. 536 11151101 161 1.

526 ·ετή( 161

520110111011100551011. 52. 511, J

51ss Θ 101 008 s. 810 =

5101. Ι 0111001 31151. 910 ·
522 101011110111111111.1111211111. 28 f
520 Isidorus Urig. VI, 10. 12 103 ’
53711001111011011.) 571 ’
510 Laertius Diogenes prooem. 16 155
010 · 1, 57 5311,

510 01 81 11. i

185 1111. 11 1
’1111 1111 10010010111101. ’

701 1. 13 100. 1011, 8:11 1

11001110 11 101 1011 3

, 135 f. 33 v 100 1

1101. V, 511 100. 1111011 ,
151. 101 00 1031. 8:111

111111111110111111111. 263 1111111111.) 7131. Vll, 173 701

1111111111 0 11.
1235
11137 11.
’ 1351
Γ5010.250 1
Frugm. 102015Υ

710 f. 188 81. 01

123 103 103

11111. Χ, 20 110

723 f, 11111111111111111301101).137. 32311. 711

7211 1110011111011151 610 ’

11111111 5723361. 850 700

1111111111111111110011111.111111, 173 11111.1·1τ1·11111111,11111’1111111111 11211.

111111101001111111 (i 111
111111101031011111 M.

1. 3112, -11 15111111111111110101111111256011 113
111, ,10 101 10110 111. 1101,

 

