W 11 1111111 es mir mit dem Begriff 111111 1111111111-
111111111 11111111, 111111111 1111111111 111111Ρ11111 111 1111111111
hat, 111111 man 11111111 1111111111, 11111 1111 1111 11 11111111-
1111111 1111111111 wider 1111111111111 1111111111 Ausfiihrungen
1111 111111· Ν1. V aufgenommenen Keil'sehen 1111111111 1111111111
1111111111 11111 und auf eingehende Gegenbenlerkungen 111111
111 111111111111, 111 111 111111 111111111111·111111111111111111111111-
1111 11111111 111111111111111111111111111111111.

1111111 11111111 111111 11111111111111111111111 111111 111 111111111-
setzungen gostalten. 111111 111 111111 1111 11111111 11111111111111
zu sagon, 11111 111 111111111111111111111111111Γ 11111111 werden.
wie 1111 11111 1111111 11111 auf griechische 1111111111 11111·
1111111 11111111111111 1111111111, 11111 11111 11 1111111· 111111
11111111 1111 Dichter, 11 1111 11111111 1111 1111111111 1111111111
1111, so 111111 1111· 1111111 1111 11111111 111111 1111111 1111111111-
111111111111 Ρ1111111111111111, Τ111111111111, 11111111111111 1111111111
1111111111 11111 1111111 1111 1111111111, 11111111111111111111 1111111111·

1111111111 11111111111,11111111111111111111111111111 111111111111111. 1111

(111111111111 111111111111111111 111111 111111111111111111 111111111111 11111,

1111111111 1111 11111111111111111111111111111111111 11111111111111111111
11111 ι111111111111111111111 1111111111 1111111 11 111111111 111 111111111 ’
hat. Sorgfiiltige 1111111111 1111111 1111111111 1111111111111111.

1111111111, 11111111 1111111 1111 111111111111111, 1111111 111111
111 11111111111111111 111111111111111111111 — 1111 111 11111 ja 111111
1111111111111 1111 11111 1111111111’111111111111111 1111111111 1111111111-
11111- 111111111111 111111111111111111 1111111 11111 1111 1111111111]
geru 1111 1111· 11111 11111111111111111111, 1111111111111111111 111111
1111 (1111111111111111111111111 1111111, 11111 11111 1111111111, 111 1111·
11111 1”11·1111111111111,1 gegeben 111111, 11 1111 1111111111 111 1111111
1111111111 ,11111111 11111111111111111.

11111111· 1111111111» 1111111111, 11111 1111 111111 ja 1111111111
ganz 111111111111111111 - 11111 (1111111 111111 11 11111· 11111111 ψ,

1111111111 1111 111111 811111111- dieses 1111111111 111, 11111111 1111 1111111

 

