155 0540 133 6316313. 051

Etymologicum Μ. 140, 55 p. 45 Etynmlogicum M. 515, 8 p. 15
166, 1 61. 36 631, 33 13
150, 5 55. 54 63316 63
161, 36 33 636, 13 31
161, 33 61 636, 14 55
155, 1 45 63613 13
131, 33 50 555, 5 55
155, 5 54 555, 45 44
333, 51 55 333, 36 33 aq.
545, 63 63 sq. 633, 36 33 .
333, 16 33 636, 63 33
333, 45 33 311, 55 50
555, 33 16 sq. 313, 16 63
333, 36 33 313, 33 33
316, 10 45 313, 31 63
316, 13 13 313, 33 33
316, 3 336, 16 13
361, 33 336, 36 61
333, 36 331, 1 33
333, 13 336, 3 61
163, 33 336, 33 63
111, 33 336, 13 63 sq.
411, 13 361, 11 36
131, 13 333, 36 36
455, 4 505, 31 50
455, 41 505, 13 31
133, 33 366, 16 61 ·
136, 3 331, 66 36
133, 66 333, 40 50
505, 55 114 Etymologicum Gudianum
505, 13 66 p. 36, 36 13
515, 13 13 33, 3 36
515, 48 55 54, 54 51
550, 10 45 55, 63 63
633, 33 13 133, 36 1
51111 33 166, 13 33
636, 33 66 333, 13 . 50
554, 50 55 555, 5. 14. 15 63
636, 66 33 311, 31 16
616, 45 50 550, 55 55
541, 33 36 336, 16 31
613, 33 63 505, 5 15
111, 11 15 505, 1 55
510, 35 66 336, 11 13
581, 9 55 ,333, 13 55
611317 13 333, 50 55

 

